00001000000000000000000001001110
00100000100100010000000000000000
00100011100001000000000000000000
00010100000100010000000000000001
00000011111000000000000000001000
10101111100001010000000000000000
00100010001100011111111111111111
00100011100111000000000000000100
00001000000000000000000000000011
00100000100100010000000000000000
00100011100001000000000000000000
00010100000100010000000000000001
00000011111000000000000000001000
11100111100000000000000000000000
00100010001100011111111111111111
00100011100111000000000000000100
00001000000000000000000000001011
00111100000100010100000011000000
01000111110100010000000100000000
01000100000111111110110000000000
01000111101000001110110000000010
01000111101000001110110000000010
01000111101111101110110000000011
01000100000111010000010000000001
00000011111000000000000000001000
00111100000100010011111110000000
01000111110100010000000100000000
00111100000100010011111100000000
01000111101100010000000100000000
01000100000000000000010000000000
01000100000111010000010000000010
01000111110000000000010000000001
00000011111000000000000000001000
00111100000100010100000001000000
01000111110100010000000100000000
01000100000111111110110000000000
01000111101000001110110000000010
01000111101000001110110000000010
01000111101111101110110000000011
01000100000111010000010000000001
00000011111000000000000000001000
01000100000111111000010000111100
00010100000100000000000000000001
00000011111000000000000000001000
01000111111000000000010000000001
00000011111000000000000000001000
00111100000100010011111110000000
00110110001100010000000000000000
01000100001100010000000100000000
01000100001000001000010000111100
00010000000100000000000000011010
00111100000100010011111110011001
00110110001100011001100110011010
01000100001100010000000100000000
01000100000000010000110000000001
11100111101000000000000000000000
01000111111000010000010000000000
10101111101111110000000000001100
00100011101111010000000000010000
00001100000000000000000000101110
00100011101111011111111111110000
10001111101111110000000000001100
00111100000100010100000000010011
00110110001100010011001100110011
01000100001100010000000100000000
11000111101000100000000000000000
01000100010000010000110000000001
11100111101000000000000000001000
01000111111000010000010000000000
10101111101111110000000000010100
00100011101111010000000000011000
00001100000000000000000000101110
00100011101111011111111111101000
10001111101111110000000000010100
11000111101000010000000000001000
01000100001000000000010000000000
00000011111000000000000000001000
00000011111000000000000000001000
00100011101111010100000000000000
00100011100111000111110100000000
00111100000100010100000100100001
00110110001100011001100110011010
01000100000100010000000100000000
10101111101111110000000000000100
00100011101111010000000000001000
00001100000000000000000000101110
00100011101111011111111111111000
10001111101111110000000000000100
